100
4 3 12
3 2 1
1 5 2
8 1 1
3 2 30
1 2 27
3 2 1
4 1 11
2 1 2
4 1 5
8 2 2
5 10 5000
14 27 31
27 11 44
30 8 20
2000 4000 3
2 89 3280
616 3 77
8 36 720
95 3 101
191 21 3
114 27 10
209 26 9
91 27 182
562 33 69
341 69 34
10 12 1077
6 13 64
60 239 41
451 9 1
453 6 2
455 7 2
201 13 10
680 7 1
556 19 253
1070 8 7
10 63 2763
54 27 9
36 9 990
2250 27 117
675 207 36
2592 45 9
2628 36 9
441 63 27
2547 63 27
2709 63 54
6 41 283
7 35 12
18 17 1
24 13 15
26 34 14
47 32 4
16 7 814
117 4 2
8 8 16
195 6 1
197 7 94
243 43 9
46 13 23
532 3 1
250 9 1
301 11 1
166 5 2
512 2 1
114 6 2
556 5 167
795 3 1
706 6 6
12 3 20
2 2 1
4 3 2
4 2 1
7 2 2
5 2 1
5 1 1
5 1 1
3 1 2
2 2 2
16 2 1
10 1 1
11 30 996
19 31 5
26 30 5
15 40 117
236 2 13
250 16 1
37 22 1
259 25 388
700 12 17
622 25 89
914 2 16
13 3 692
57 5 2
59 3 1
41 1 264
349 2 52
187 71 2
473 2 83
586 2 24
43 5 15
396 5 30
470 19 4
690 3 1
691 3 1
8 16 461
3 17 1
27 7 3
30 7 147
163 159 116
438 10 6
449 5 11
244 9 1
11 406 2436
58 435 87
145 319 377
290 116 29
667 290 145
261 174 174
1276 406 203
667 145 58
783 145 29
551 377 232
1537 116 145
5 49 3150
45 50 16
42 151 1
85 22 12
108 56 1
9 48 268
2 47 13
37 21 7
34 21 33
61 31 19
117 8 4
159 40 13
200 24 2
44 20 34
11 39 2201
29 31 43
174 25 52
253 31 11
104 48 77
340 67 252
670 27 4
698 32 71
586 148 1
294 19 26
461 46 22
3 177 2197
12 173 2
891 7 138
7 37 4026
348 3 1
350 24 11
366 11 1
368 37 20
394 5 74
205 51 4
3 5 100
90 2 1
88 3 4
9 54 950
33 34 3
16 59 24
103 20 52
155 39 215
546 37 16
146 81 130
930 52 4
687 36 11
5 67 211
55 50 13
15 86 22
161 23 2
166 66 24
8 50 195
22 29 13
52 9 19
66 8 4
96 16 1
99 28 2
55 91 9
187 21 8
15 9 1040
26 5 2
28 6 1
21 8 104
139 8 3
143 7 39
220 8 5
141 5 3
229 9 82
172 68 2
378 4 49
422 345 5
772 3 24
310 239 1
1033 8 7
9 14 751
8 13 61
130 6 2
135 2 2
137 8 1
4 1 219
347 363 5
718 7 2
178 8 8
4 66 507
47 36 11
17 55 244
371 59 61
16 12 99
4 11 4
10 10 1
13 12 6
22 2 1
33 7 5
28 15 2
47 10 3
42 14 2
60 2 3
53 16 1
72 6 4
80 10 1
59 15 3
92 8 2
18 7 4
9 19 1088
1 20 310
301 242 6
550 19 8
695 17 2
67 22 98
1003 8 2
1020 17 58
1081 16 7
10 9 771
3 10 16
45 6 7
52 3 1
42 5 3
62 5 3
62 1 490
756 2 10
141 104 1
867 4 4
16 30 914
100 4 16
72 4 54
248 28 10
268 8 4
120 8 2
276 6 188
454 106 36
596 10 10
618 8 98
342 92 2
804 10 30
242 30 4
740 42 2
768 20 4
876 6 24
6 46 182
35 23 14
52 38 14
70 29 2
51 23 5
65 43 38
16 19 924
13 18 8
25 2 1
9 29 4
42 19 7
57 19 137
541 16 2
547 12 13
563 18 15
626 11 63
717 11 11
489 45 2
257 18 2
396 25 2
774 3 82
906 12 18
3 95 1024
66 52 50
141 8 24
5 19 952
202 5 285
676 18 13
692 5 100
334 152 10
7 17 1061
67 2 12
22 15 175
669 12 303
992 7 3
997 6 26
1049 12 12
14 15 474
3 16 28
26 70 3
40 9 1
115 6 86
151 45 2
246 8 76
103 7 5
333 7 31
186 58 6
373 13 2
428 2 2
430 13 1
244 11 9
9 23 429
3 24 1
1 22 122
200 7 5
208 10 106
237 61 5
377 5 4
388 23 7
408 22 21
7 23 3426
255 3 2
27 11 19
432 8 19
453 11 70
514 386 1
920 5 4
16 6 3620
79 4 2
81 4 71
193 5 5
198 3 1
201 5 2
19 5 118
398 5 2
466 4 5
471 5 2
476 4 2
154 6 1
481 2 3
395 6 3
488 3 2
490 4 4
7 44 188
42 37 24
66 18 18
97 43 14
78 59 1
138 26 3
143 39 21
15 6 584
1 7 1
1 1 35
31 71 4
106 6 2
111 3 1
36 2 2
114 3 123
231 141 2
374 5 2
376 6 4
380 3 1
273 8 1
237 6 105
217 91 3
7 68 293
62 8 6
77 54 19
39 24 35
146 38 48
197 5 4
94 66 67
4 246 3516
2430 18 252
3024 108 48
3096 204 60
7 11 591
66 4 86
193 10 115
153 24 7
286 7 186
455 26 22
362 32 5
15 14 571
6 15 4
6 2 3
14 8 32
70 9 3
30 11 119
273 11 16
315 14 1
317 4 1
94 21 46
511 5 3
514 12 3
521 10 11
534 11 1
563 6 8
4 91 3835
304 3 77
233 16 40
390 46 4
12 3 439
45 5 18
62 25 2
77 3 60
197 3 4
247 2 17
12 3 17
281 2 2
283 2 143
215 1 3
436 2 1
438 2 1
16 255 1980
45 240 15
90 30 120
225 165 165
240 225 30
555 210 90
465 285 120
525 180 60
285 165 45
525 60 15
1020 135 180
270 120 105
1440 120 120
1035 270 15
1605 105 135
1770 105 135
9 35 505
67 4 24
52 20 8
60 30 1
121 22 174
363 13 7
194 22 8
352 100 6
377 53 22
8 74 493
80 5 49
139 21 52
222 67 18
242 60 11
257 66 5
263 31 54
38 35 7
7 33 2475
15 19 140
289 12 35
295 122 15
378 49 19
515 2 5
490 44 15
10 51 289
35 52 11
31 28 2
63 17 23
57 51 23
110 43 11
65 51 8
134 60 3
18 12 6
139 45 40
13 7 1092
76 4 13
109 5 226
461 3 43
515 3 4
569 5 28
661 2 1
664 3 2
235 142 27
863 4 20
914 2 58
653 53 6
957 66 3
9 45 372
11 42 186
152 125 31
322 23 1
17 3 1
352 35 218
276 132 15
692 7 15
731 31 3
13 7 599
3 6 36
33 48 2
68 8 141
154 8 3
232 7 4
237 3 3
240 6 189
490 3 19
194 22 1
526 7 1
458 7 17
592 3 7
3 70 338
60 40 125
293 35 12
13 4 33
3 5 1
3 2 2
3 2 1
8 2 1
10 2 2
13 4 2
7 4 2
4 2 2
20 4 3
23 3 1
26 4 1
8 5 2
10 25 932
27 5 2
18 11 37
62 110 1
174 13 4
124 31 41
487 2 18
339 82 1
588 11 189
477 144 23
9 63 621
81 6 9
141 15 9
156 45 18
177 21 9
201 51 21
180 81 6
297 30 6
348 63 12
8 12 76
8 10 2
3 14 7
12 14 7
13 7 1
19 13 8
56 10 6
16 10 9
15 112 3244
92 28 4
100 32 176
260 680 4
944 92 576
1804 64 20
1856 112 24
1096 192 4
2348 76 40
2304 52 328
3356 52 56
3420 104 640
4524 48 88
4712 52 4
4716 76 64
12 14 100
8 14 4
9 2 2
1 21 3
14 13 13
40 6 6
53 5 1
54 9 4
45 17 5
73 12 8
81 12 2
90 4 5
4 116 2419
55 105 5
64 23 179
701 19 22
13 90 4625
755 25 45
800 35 5
535 225 5
995 90 5
1000 90 215
2750 50 5
2755 15 50
2220 75 5
2845 85 1225
4485 70 5
4490 65 25
4570 55 55
6 15 674
34 5 1
8 3 233
164 93 5
364 15 253
659 5 15
11 30 866
29 5 2
31 16 4
10 25 177
476 23 96
103 34 68
667 29 8
679 9 4
88 38 43
651 22 1
29 5 19
3 8 2995
5 7 1
4 4 6
3 65 2985
547 5 54
686 64 64
16 26 159
21 10 3
27 19 15
23 26 9
41 12 6
3 3 5
43 9 6
15 8 2
41 33 2
109 26 1
41 3 2
58 11 2
118 22 16
39 14 5
60 2 1
38 7 3
12 5 32
4 4 1
6 5 2
3 6 1
5 4 2
15 3 1
6 5 1
8 3 2
10 2 1
10 7 4
18 5 1
30 2 2
9 589 3249
209 494 38
114 76 152
665 456 19
247 684 342
665 380 323
1254 209 190
2261 380 19
988 703 456
2 45 45
24 35 32
6 34 2454
186 3 93
443 3 18
76 39 5
378 12 11
126 18 7
14 17 608
16 2 63
70 48 2
120 17 11
132 14 2
44 15 74
129 78 9
65 44 2
192 11 5
100 15 2
229 20 6
361 17 2
363 4 159
572 17 2
7 66 211
28 45 5
7 81 27
147 60 2
95 81 2
120 58 6
190 63 21
2 167 846
28 145 151
10 13 522
6 9 22
31 6 25
100 6 13
43 15 4
95 7 6
131 3 1
135 5 8
468 4 31
450 15 12
2 249 4704
165 231 99
4 65 576
25 43 227
218 280 44
557 15 35
6 57 228
11 53 40
7 51 2
82 35 47
54 42 25
190 29 22
5 40 3816
133 5 17
92 12 37
190 35 508
326 175 10
3 182 598
252 5 169
248 178 4
2 169 1088
136 70 119
7 35 648
8 29 219
198 217 14
343 10 9
428 33 247
332 7 9
615 18 30
10 405 2490
330 195 225
225 405 120
660 105 270
1095 345 60
1320 135 270
360 30 135
1980 45 30
2085 390 180
2400 195 90
16 24 2034
18 24 6
12 18 120
126 342 12
480 24 54
936 18 444
1500 18 12
1512 24 108
1500 54 36
1770 24 54
1512 72 6
372 18 18
1908 24 6
1920 24 6
990 6 732
2712 12 6
6 33 2890
23 31 147
219 23 3
225 32 111
304 78 1
149 36 28
15 4 34
3 5 3
6 3 1
8 3 1
5 5 3
10 1 1
10 6 2
18 2 1
1 1 1
21 3 1
8 4 1
26 2 1
25 3 1
30 4 3
9 4 1
15 18 553
8 17 56
81 5 3
62 14 2
23 18 14
98 90 12
103 17 8
129 22 39
279 16 4
289 2 31
25 13 1
193 11 8
29 18 5
397 11 115
543 14 10
8 26 2533
18 26 308
304 277 2
595 2 172
754 76 16
859 25 8
323 23 20
740 150 10
6 49 4321
80 5 10
70 40 1
111 17 9
159 6 26
70 44 37
3 17 50
70 5 3
40 13 6
16 48 2104
184 8 16
40 40 32
344 28 8
500 20 4
436 24 16
448 12 16
112 40 8
188 32 164
992 24 12
524 12 16
256 80 32
1088 8 492
1256 76 8
2164 48 16
1412 60 16
6 43 663
25 37 6
40 17 80
267 8 3
163 68 108
379 274 10
6 43 632
27 17 391
409 143 5
584 18 183
148 118 21
896 14 6
3 27 990
670 4 11
74 18 18
16 24 742
11 18 9
2 22 18
19 60 94
144 21 6
198 3 2
200 7 72
294 12 166
463 15 11
277 29 9
497 20 17
233 22 1
339 23 211
747 20 41
831 6 49
749 21 12
12 12 459
99 5 1
100 8 11
64 19 1
160 5 2
247 2 2
251 9 7
299 5 1
115 11 1
248 52 1
357 7 105
627 7 10
12 432 2076
12 432 36
12 48 132
60 156 60
168 120 72
396 108 216
216 108 276
576 180 276
1272 300 72
1008 288 24
612 576 24
1872 372 132
